c=3000
df=18695
wf=112300
r=2.3038
tb=220.2548
tc=79.863
tz=650.003
ab=(r+1)*(102805.8+0.903*c)
wb=r*(1850+0.15*wf)
sb=0.097*c
hb=ab*((1.005+1.884*wb/ab)*tb+2502.3*wb/ab)+sb*0.95*tb
ac=ab
wc=(r+1)*wb/r
sc=0.097*c+238650+0.85*wf+df
hc=ac*((1.005+1.884*wc/ac)*tc+2502.3*wc/ac)+sc*0.92*tc
ad=ac
wd=wc
sd=0
hd=ad*((1.005+1.884*wd/ad)*tc+2502.3*wd/ad)
ae=r*ad/(r+1)
we=wd*r/(r+1)
se=0
he=hd*r/(r+1)
af=ae/r
wf=we/r
sf=0
hf=he/r
ha=(238650+0.85*wf+df)*(0.92*55+(0.15*wf+1850)/(238650+0.85*wf+df)*4.187*55)
hx=41.4*c
hy=3099594.87
az=102805.8+0.903*c
wz=0
sz=0.097*c
hz=az*((1.005+1.884*wz/az)*tz+2502.3*wz/az)+sz*0.95*tz